lastAccountName: ridilla
timestamps:
  login: 1599159574434
  logout: 1599159741261
  lastteleport: 1598710193545
ipAddress: 90.64.139.215
lastlocation:
  world: world
  x: 296.9781406509053
  y: 79.1211164119639
  z: 24.998374590634793
  yaw: -123.3002
  pitch: 27.59987
logoutlocation:
  world: world
  x: 97.45063895193438
  y: 66.0
  z: -2.7617957834437594
  yaw: -180.6983
  pitch: 7.0500197
