lastAccountName: PaladM38Z
timestamps:
  login: 1598795725631
  logout: 1598795753305
ipAddress: 88.212.40.18
lastlocation:
  world: world
  x: 88.5
  y: 64.0
  z: -2.5
  yaw: 5.934055
  pitch: 0.0
logoutlocation:
  world: world
  x: 109.9774759552304
  y: 65.0
  z: -19.309958727283956
  yaw: -271.15332
  pitch: 5.6056542
