spawns: 
  default: 
    world: world
    x: 98.09769467909426
    y: 65.0
    z: 1.2922062235495357
    yaw: -178.80371
    pitch: -1.3502195
